17398
17449
17640
17786
17961
21336
21410
21807
23203
23799
24562
24909
27224
27603
28897
29154
30299
30838
31049
32239
33120
34385
34713
35796
36036
40768
48294
51630
52347
52621
53490
54282
54486
55044
55149
58442
59443
60044
61122
61729
62374
62890
63578
64050
64655
64925
86004
86854
88069
88123
92774
93378
94255
94707
95577
95799
96882
97418
99144
99400
100217
101399
102091
105472
105906
106011
106755
107462
107639
108076
109340
110243
110521
110609
111770
112552
112662
112830
113072
113699
129944
130978
131042
131309
131418
132701
